159
1 7 59 72 90 111 132 156 158
2 6 37 38 40 74 152 154
3 2 119 131
4 5 37 38 55 87 88
5 7 8 24 25 37 39 40 87
6 7 45 67 68 107 142 143 144
7 5 46 65 66 138 155
8 7 5 11 24 39 70 102 125
9 7 43 48 109 128 135 139 140
10 7 12 46 65 112 113 118 138
11 5 8 39 62 87 102
12 4 10 65 112 115
13 7 26 28 33 81 91 121 148
14 6 49 50 51 106 151 159
15 4 26 33 69 116
16 2 31 55
17 3 82 104 111
18 7 41 49 78 103 143 146 157
19 1 55
20 5 27 36 96 105 141
21 5 25 30 32 120 147
22 3 28 33 114
23 4 25 80 147 149
24 5 5 8 25 32 70
25 10 5 21 23 24 32 40 74 147 149 152
26 5 13 15 33 81 116
27 3 20 69 96
28 5 13 22 33 91 114
29 6 34 35 63 71 75 94
30 5 21 32 34 75 120
31 4 16 55 62 87
32 7 21 24 25 30 70 75 86
33 5 13 15 22 26 28
34 6 29 30 56 71 75 120
35 7 29 43 48 75 86 94 128
36 3 20 137 141
37 7 2 4 5 38 39 40 87
38 4 2 4 37 154
39 5 5 8 11 37 87
40 5 2 5 25 37 152
41 7 18 56 58 71 78 123 146
42 5 82 90 122 132 148
43 5 9 35 48 86 128
44 6 46 50 89 145 155 159
45 7 6 61 78 101 107 129 143
46 11 7 10 44 50 89 99 113 127 138 155 158
47 3 53 74 149
48 6 9 35 43 70 86 109
49 8 14 18 51 100 103 106 146 157
50 8 14 44 46 76 89 106 151 159
51 5 14 49 100 134 151
52 5 83 94 128 133 153
53 4 47 61 101 149
54 4 77 102 125 131
55 6 4 16 19 31 87 88
56 6 34 41 71 80 120 123
57 4 64 97 136 137
58 7 41 63 71 106 108 146 159
59 4 1 104 111 156
60 4 83 92 126 135
61 7 45 53 78 80 101 130 149
62 4 11 31 87 102
63 6 29 58 71 94 108 153
64 6 57 67 97 98 136 144
65 4 7 10 12 138
66 4 7 92 126 155
67 5 6 64 97 107 144
68 8 6 98 100 103 124 142 144 150
69 4 15 27 96 116
70 9 8 24 32 48 77 86 109 119 125
71 6 29 34 41 56 58 63
72 4 1 95 156 158
73 6 76 110 122 134 148 151
74 6 2 25 47 149 152 154
75 6 29 30 32 34 35 86
76 6 50 73 89 122 127 151
77 5 54 70 119 125 131
78 7 18 41 45 61 123 130 143
79 3 109 119 139
80 8 23 56 61 120 123 130 147 149
81 6 13 26 84 85 116 121
82 7 17 42 91 111 114 132 148
83 6 52 60 126 128 133 135
84 6 81 85 110 121 134 150
85 7 81 84 96 116 117 124 150
86 6 32 35 43 48 70 75
87 8 4 5 11 31 37 39 55 62
88 2 4 55
89 6 44 46 50 76 99 127
90 6 1 42 99 122 132 158
91 5 13 28 82 114 148
92 3 60 66 126
93 4 133 145 153 155
94 6 29 35 52 63 128 153
95 6 72 112 115 118 156 158
96 7 20 27 69 85 105 116 117
97 3 57 64 67
98 6 64 68 117 124 136 144
99 7 46 89 90 113 122 127 158
100 6 49 51 68 103 134 150
101 4 45 53 61 129
102 5 8 11 54 62 125
103 7 18 49 68 100 142 143 157
104 3 17 59 111
105 6 20 96 117 136 137 141
106 6 14 49 50 58 146 159
107 4 6 45 67 129
108 5 58 63 145 153 159
109 6 9 48 70 79 119 139
110 5 73 84 121 134 148
111 6 1 17 59 82 104 132
112 5 10 12 95 115 118
113 5 10 46 99 118 158
114 4 22 28 82 91
115 3 12 95 112
116 6 15 26 69 81 85 96
117 6 85 96 98 105 124 136
118 5 10 95 112 113 158
119 6 3 70 77 79 109 131
120 6 21 30 34 56 80 147
121 5 13 81 84 110 148
122 7 42 73 76 90 99 127 148
123 5 41 56 78 80 130
124 5 68 85 98 117 150
125 5 8 54 70 77 102
126 6 60 66 83 92 133 155
127 5 46 76 89 99 122
128 7 9 35 43 52 83 94 135
129 3 45 101 107
130 4 61 78 80 123
131 4 3 54 77 119
132 5 1 42 82 90 111
133 6 52 83 93 126 153 155
134 7 51 73 84 100 110 150 151
135 5 9 60 83 128 140
136 6 57 64 98 105 117 137
137 5 36 57 105 136 141
138 4 7 10 46 65
139 4 9 79 109 140
140 3 9 135 139
141 4 20 36 105 137
142 4 6 68 103 143
143 7 6 18 45 78 103 142 157
144 5 6 64 67 68 98
145 6 44 93 108 153 155 159
146 5 18 41 49 58 106
147 5 21 23 25 80 120
148 8 13 42 73 82 91 110 121 122
149 7 23 25 47 53 61 74 80
150 6 68 84 85 100 124 134
151 6 14 50 51 73 76 134
152 4 2 25 40 74
153 7 52 63 93 94 108 133 145
154 3 2 38 74
155 8 7 44 46 66 93 126 133 145
156 4 1 59 72 95
157 4 18 49 103 143
158 8 1 46 72 90 95 99 113 118
159 7 14 44 50 58 106 108 145
